hola
0
1949
3849
5679
8739
10535
12138
13799
17819
19277
21587
21309
21179
20847
19229
20539
23506
24288
21638
23229
22506
22694
22047
22075
24683
24948
24230
24973
30118
29590
30182
31911
34514
37390
34973
35564
36317
36133
35172
37692
39570
38562
42150
40917
42550
42590
40694
40602
40051
37260
36120
36919
32672
31985
32739
32028
31147
30962
32717
34807
34884
35995
37877
38021
39069
39132
40658
42407
39156
40986
41115
39123
36849
40314
38066
36410
36154
33362
32408
29576
29192
34328
37560
34455
34221
90438
90247
91479
90768
89715
89362
84324
80108
80372
85168
29291
36347
37466
39613
39367
40816
39836
41081
39538
36226
40056
31749
31916
33307
34369
34562
35952
34670
34786
33918
49043
50509
48304
50171
50657
56607
57884
58353
58380
58694
39140
39284
40797
35388
34251
29132
27933
27728
28049
28039
31139
30166
28294
32658
34091
34049
33519
37460
39226
39990
40312
41884
51546
47730
49301
47550
49047
46615
45807
44955
44305
57717
49701
51349
50201
51618
51831
60175
60600
61081
73641
59129
61340
79204
79408
80342
81634
73539
72986
73011
60226
60331
56522
36658
33710
37449
34273
32470
31527
37860
40499
44466
48224
48160
53761
55279
55333
60054
64094
58151
54071
49180
52476
77564
75539
68665
68189
64221
62948
64540
63780
64484
66195
40500
39132
44542
45789
46935
48760
46097
56802
67898
63642
64339
65747
59108
76514
90536
88128
103727
95811
92723
90397
92145
107425
108608
107111
92795
97397
84808
83863
80225
84114
83870
70339
76781
60794
63200
60400
60263
68638
101550
102903
101847
98669
96397
99345
100643
101644
115300
107013
81447
74981
80645
80749
75628
71613
67219
65826
52946
55648
44080
43329
37305
44833
48111
50031
50919
48151
66743
66544
68102
72437
82461
75204
74759
77702
79390
88743
65462
65926
63317
61366
52502
50195
46299
41131
43203
38609
44410
44233
49858
47834
45955
48205
52835
52804
51515
45924
43364
41062
42549
43317
49371
47125
43886
46373
54574
55285
53477
51323
45220
43700
39848
43160
44002
43803
34779
33916
72250
80539
79770
85508
84723
88505
90288
95153
93233
93393
54628
49141
50206
46794
46498
39561
60632
80190
83232
84272
85614
83342
83366
82863
83702
83345
58081
58677
84731
84875
82134
83053
88854
88206
86500
87226
87589
60157
29460
28267
28425
26160
19150
18311
18059
17804
17211
18687
19168
18472
17920
19613
20121
20820
20409
19697
19688
17864
17343
16935
16415
15410
15727
14701
16119
15981
16037
15781
15854
16607
17870
17255
22742
23107
22602
23542
62639
64138
64147
65659
66532
68076
63198
63737
75496
90968
53566
60652
64404
64197
85085
90173
93948
96042
84811
78456
80841
73586
