hola
0
1684
3360
6091
7678
9169
10901
12296
14006
15465
17533
17300
19068
18293
18718
18470
18207
18570
19791
19880
19760
20432
18638
20270
20341
20748
20904
22924
21390
21228
20650
19768
19537
20024
22359
23759
29225
28409
30302
31358
32646
36310
39141
41463
43607
44257
41033
41701
47110
54919
59992
56698
60002
62215
59480
60432
60138
63213
58375
54174
49391
51817
49001
43001
44784
42664
42398
38811
38512
36728
37550
42059
40780
41485
39601
40240
38678
37882
40995
40331
38324
31980
34349
32988
31232
29671
30160
31415
32382
33254
33981
35733
31570
36986
47226
50043
54518
57335
52847
51671
55572
54957
57694
53762
45782
44242
40136
38867
42111
41586
37593
37775
43496
42693
41566
40032
38861
38264
33572
32449
60345
59693
57003
67483
66005
71645
72295
83875
93403
98379
70104
70005
65814
56064
59464
56047
56744
45909
36397
44445
45196
46589
45965
48370
46612
46230
45550
46927
47599
37395
48086
46892
47502
52143
52542
51871
77910
75805
75588
84220
73097
72987
77242
69848
74216
77616
52472
49937
58850
48246
48353
51785
49094
50631
56351
54722
59940
78072
70137
70363
71056
69889
70004
68221
57033
54292
54937
44510
54326
54194
53125
54276
51813
54132
54590
55495
48087
41542
34764
36142
45873
44752
46005
43697
49404
125598
126863
128287
128193
125834
124692
128509
127008
129420
130555
56321
57545
64594
73354
74057
66315
63034
105383
136223
133895
132224
142872
134590
122533
123756
123185
121313
78938
46697
54985
61608
49224
71698
74043
88804
88792
87161
90130
89338
77635
70739
71989
51973
89278
76840
76992
78161
75586
78344
77202
77563
76418
72579
42860
39643
43568
48664
59688
61108
64339
64571
70348
70188
61826
64946
60757
57805
47452
44604
40476
41504
35464
36487
53446
50737
56999
92966
97015
99149
110231
109036
109179
108900
95709
95131
94852
55069
62735
74218
63024
64191
65232
66142
65070
69933
73340
76256
70990
57566
66470
66935
65864
65866
81651
78100
70069
69745
67553
82530
85002
100850
103408
146656
127825
143024
146911
146974
142686
126462
115528
98144
96177
52624
52622
44398
39520
41673
42352
58462
57806
59878
66366
66951
65424
57273
63191
60454
60158
43135
43780
40492
32932
37401
45073
48433
41825
39777
41073
41348
40380
41724
48926
58313
61850
59416
60168
70014
92118
96784
96985
113807
132302
117750
105709
105262
104798
97513
75065
72548
131099
120444
112283
112515
113707
112316
132369
132072
142377
196024
161967
155704
151776
179994
179876
184156
178407
176664
179288
124643
100961
228346
215617
186307
187729
198202
184681
185352
170777
189104
188152
61895
63487
65115
63604
48761
47170
45461
43972
23211
23279
20295
19816
17760
16487
17672
18705
19288
19368
19981
20383
21023
18855
18990
19206
18176
17519
17350
16950
16378
17726
23614
23957
24294
24472
24151
24752
24952
25952
26111
25769
19291
18515
17091
16785
17371
16722
15977
16024
15912
15344
16543
17934
19733
19709
19154
18514
18942
18110
17581
16794
15210
14314
18315
19770
22162
24780
26081
27361
28656
28515
30425
30236
27007
27313
26316
24362
47633
49083
50613
52704
65872
72271
99716
106773
106018
109091
87494
89069
90159
91548
79844
74908
46278
47982
62742
63150
63383
72842
72746
69587
69221
91199
