hola
0
3018
4713
8965
13224
15874
17268
20216
22415
29571
35004
34403
35814
36212
38645
46799
48127
52150
52681
47775
53504
57979
58442
62438
61700
55178
56961
71960
74191
81775
78544
73406
76209
72959
77304
80753
80417
62785
63473
55804
59411
62332
57810
58762
51608
47863
45503
47096
49762
52960
52228
56611
56932
57722
57787
57667
69979
69117
69701
68253
67093
62705
62040
58276
60196
60700
54277
59361
53696
53367
48651
47951
52599
56443
57643
56666
55899
49684
51293
51077
49037
47213
43997
40933
37301
37293
33100
34443
35914
44881
44409
52393
52329
50545
49385
48795
54044
53245
50053
43926
44926
38814
38901
39477
54037
66084
60298
58481
56873
54537
53433
61657
61498
60970
47426
37482
37699
37804
38931
37451
38034
29922
29730
31994
32250
29010
29618
29154
31163
32027
37884
36684
37116
35180
34588
34756
34924
34964
34564
34316
29852
36147
43034
47793
50257
50881
52665
53337
52369
52265
50785
50794
49115
46548
44243
47923
45475
45171
53539
53067
52514
44933
38865
37008
38817
34352
36138
37554
36553
36505
36050
36103
36587
35868
46371
46652
44538
42106
34643
36339
41003
42659
48394
49378
38259
38563
39300
39668
38300
37724
33956
45228
40908
39708
39931
39495
39054
40694
40453
40734
40117
27838
25847
25903
25343
29051
29099
27547
27916
26323
27396
27875
28091
29867
28683
24827
30962
30146
30849
31305
30129
28969
28778
26634
28444
28755
22900
24488
24573
27637
28949
29477
30436
47724
46227
49060
48028
48368
49164
46420
45308
44956
45980
43908
44828
48724
49484
47591
55488
61561
61057
79658
76978
66594
65002
59026
61145
64717
57604
51522
52563
39691
42322
40593
41008
42624
42305
39810
41905
40970
44674
47409
47074
47019
47252
48436
47680
49120
45146
47585
59970
53434
57570
56474
63499
63922
61912
61640
62435
60990
44869
44351
38440
42162
35206
34493
37789
39616
42127
42904
44209
44113
45411
40138
40024
38391
35527
32070
28132
26274
24442
23660
22731
22764
24259
26055
27871
28167
28184
28064
28249
28230
27951
42574
41446
41648
41079
43310
74462
75087
75103
75863
77062
65039
65718
64397
63486
61621
30716
35773
35118
39925
46316
45701
45031
53654
54646
54128
55010
60831
61524
75703
68488
67455
67454
62319
61502
62270
61948
52413
54029
35700
34766
35086
35254
32909
32958
61558
60966
60870
58966
58973
60754
62520
77245
75230
75221
57387
63250
64283
73649
74088
90457
102555
87317
86381
88614
78319
89819
113786
123853
122704
106769
91594
91802
109434
107618
113533
135507
111038
92918
127084
124429
126468
126948
110700
110235
103241
63321
60222
58032
21944
22408
21760
20689
20217
19909
19418
19153
18898
19223
21457
21399
19415
19783
17782
22315
22148
22428
22987
22836
21292
24774
47270
49689
52923
52325
56280
61858
65770
67620
75404
73962
52938
51304
49193
48873
46720
43864
41777
48426
43209
44467
63122
64005
69406
66092
