hola
0
1740
3303
4747
6590
8106
9606
11314
12581
14266
15236
15644
15299
15498
14874
15993
16479
16589
16908
16489
16768
16055
16030
16009
16143
14605
13989
13499
12971
25635
28988
30519
32056
40294
41511
42943
43279
47465
49201
39034
38444
43736
48936
42286
44222
43419
50347
47580
51492
50659
51313
44537
40721
44011
42011
43022
36561
38130
34685
35045
32662
34495
32241
27759
27208
28117
30171
28690
29337
30707
31258
31793
32458
37130
37123
36975
36144
38638
38238
36230
35978
34618
34886
31145
31614
30432
30608
27506
26421
25884
26721
28761
27857
27086
28567
30886
31836
31973
34345
34208
33078
32902
32968
40559
39794
38153
37895
37703
35330
36516
41965
41877
41516
37946
42114
43885
43032
48388
52755
54334
51199
48431
51082
47983
46170
56923
61581
56290
52714
52828
57750
59193
62073
64541
65248
52799
48140
47712
46100
46718
44523
43168
38280
35411
33027
32617
38817
45322
47236
44403
40858
49202
49209
52480
53201
52999
48593
48793
47192
50744
48890
43167
48337
45013
44007
44720
47926
41815
41655
38410
38856
37317
31645
30736
36373
35767
30649
40735
44192
45221
46510
45340
45807
45575
40318
50270
49188
41797
49788
92640
91392
100433
101505
108115
112883
103153
109050
105345
97702
53468
52604
47307
47813
47548
43028
46340
40484
42581
39500
38778
39594
41962
59208
77688
85230
95486
105436
104429
129843
134713
136008
142329
132226
111252
103992
90154
80701
82226
57058
64702
62890
54698
57852
57282
57609
64457
65832
65981
88046
78078
88788
89911
80520
81130
92478
84855
82585
89304
67304
69218
60906
61257
102279
107541
145107
149338
155705
151640
155149
153562
157698
156616
115128
107041
55990
55060
53131
48779
48597
47070
43360
43137
44929
45505
48595
47453
49742
69679
93031
95943
94797
91628
89142
90742
87854
105622
100070
87167
67351
70278
69535
76919
80614
79639
85638
67373
68341
62059
55813
94485
109853
101661
96717
94869
88134
88303
88087
113400
113790
80452
77445
79573
83908
84076
86444
85236
83845
72885
74525
61482
47815
45952
70256
70477
68733
67899
69739
64515
62418
63689
69778
70171
61023
60209
59289
59538
57649
48785
48122
54737
48690
47567
28262
29351
54735
56760
57655
61303
62047
89310
90301
90605
95714
95722
69562
67154
65219
61291
59258
27538
26547
26616
24876
24187
24976
24967
25135
23198
23200
19787
19363
19328
14606
14504
13699
13733
13492
13240
13775
13934
14189
14085
14244
14395
15034
16281
16626
16741
16399
18966
19415
19663
20048
20319
20642
29492
29603
30222
34276
32367
33149
32821
32908
32229
32731
23280
27222
27021
23276
22977
22042
21916
21592
21378
20219
19477
15015
14735
14023
13472
14755
14560
14838
14755
14659
14796
15223
15127
15423
15599
15044
14989
14265
14378
14642
15271
15285
15684
15356
15418
14980
15188
15157
15123
14900
14421
14068
13797
14925
14800
14423
14594
15059
15795
16274
15994
16779
16827
15533
15865
16120
16070
26967
27073
27593
30034
30505
31577
33000
33913
34053
35701
25565
27557
32275
30665
31706
32084
32635
31678
