hola
0
2236
3784
5586
15964
18815
20353
27220
34206
36623
46616
60658
60903
79615
74016
77193
78688
75007
91666
94379
87499
73383
77425
72465
84121
81655
83438
93206
75631
74055
76848
77921
76944
70004
57823
61056
58235
49333
45422
52958
51406
56004
55311
57330
64032
59352
59086
62086
67137
59450
61756
59046
60837
54141
50708
50818
62027
60306
58274
58625
57767
55095
53013
53077
50228
58012
47549
45925
43645
44941
43533
45221
54359
56856
54104
45177
45505
43817
42483
38476
36957
34484
23698
18669
18999
20104
19537
19600
19822
20765
19636
20901
20358
20548
20897
19976
19632
21336
21448
21084
20684
18701
18900
18215
16809
16785
17025
14881
14441
14993
14906
15434
15197
15940
16171
16547
18210
18194
18100
17448
17887
18046
17828
17297
17091
17159
14841
14201
14407
14359
14167
16421
16429
16638
16755
16391
16388
17060
17227
19259
19490
16827
16586
16451
16663
16775
16552
16490
16123
14677
14438
14566
14727
16286
16547
16602
16787
16458
16218
15506
17325
17421
17460
15819
15381
15358
15364
16498
16790
16748
15530
15346
15275
15116
15716
17755
17925
16805
16947
17588
18243
18563
19490
19988
19579
17542
19027
19421
19402
18883
17827
18764
18644
19626
19562
19672
18547
18962
18898
20029
33662
34365
35269
35469
35821
36685
38925
39628
43917
46920
34295
33351
32303
31790
32221
32869
34371
35641
32317
29742
30790
31234
33137
33788
33916
33388
31220
30071
29387
28609
28210
32126
30550
30491
33787
34211
32270
31446
31446
32112
31198
26201
26123
28436
24892
24524
26216
26657
27177
26616
26633
28678
29997
27860
28124
28540
27463
27086
30493
30789
33527
32262
30294
29638
29438
28582
29291
30214
28640
28455
25276
25478
26823
27103
27271
27471
27072
26261
24036
23726
23902
23182
22749
21815
21719
21065
20689
20921
20585
20769
21683
29530
28828
29475
29202
30613
30048
29739
30846
30760
29907
22267
23209
23370
23163
22911
24052
25873
27838
27643
32431
33991
35087
34373
35133
35284
35140
34595
33459
33235
28243
27997
29917
34911
49215
48823
50511
49712
48720
49759
56474
59484
55909
51362
42461
53518
52710
52911
54534
55280
50740
55187
54304
54137
48451
36875
36411
36786
34715
36802
35131
34665
35811
49307
49110
49053
47460
46309
48821
45245
44589
36188
35548
24556
24628
28117
34144
33856
38640
38848
39104
42849
49121
51681
53177
50520
45102
45557
38133
39245
47101
44052
38388
35419
33868
47964
48604
49628
49676
49084
40836
41868
42475
42708
47539
34739
33650
32906
32298
31258
31082
29626
28426
26278
21598
20374
21183
20743
21663
21441
23649
29881
31738
34422
42238
42414
42070
41958
42101
42451
40794
34213
32605
31205
23805
22597
22378
33124
32717
41684
43040
42829
42781
41045
41317
41902
42672
34061
42552
35505
39734
40694
45446
51406
55591
60909
60118
58687
51124
49116
47324
47220
42132
36388
34115
28307
37695
42919
42527
45752
46592
46128
46448
46320
43785
43786
35550
37086
36959
33976
31376
39175
51895
52159
96398
96494
109327
106199
125384
125190
135006
127247
117088
118649
75033
75400
61543
58383
38900
41079
32423
34795
31996
31411
33003
32284
40044
49302
50153
55047
52608
51527
58301
83501
82197
85020
86580
76705
83576
76879
78477
76754
71131
45040
43801
41372
32228
43462
37495
37872
35299
36318
47704
48333
48702
49287
49961
38523
37804
37989
38029
37699
28355
27987
30267
33236
32924
32914
33058
32804
38143
38289
36959
37343
35943
42788
42733
44646
43092
43178
39479
39070
56423
58887
63558
53687
54966
52302
55199
54847
53063
53214
35205
93396
88199
91358
90054
92989
95532
95284
99972
99861
99934
38975
39237
45294
46213
43670
39394
40055
36423
36902
36216
51433
50681
44736
44656
43864
44638
43352
41840
55177
58748
45779
56133
53855
54247
92423
115743
115735
117951
109647
117698
118346
108887
107830
113384
76536
51220
52614
56844
51556
45148
43300
43662
47539
47699
71573
76608
78994
75711
89631
83984
107223
106399
103217
96586
108048
105751
103028
109829
95740
97779
89836
89531
121523
120186
86050
192883
192843
183266
182531
188003
196458
195479
162440
163127
160974
51262
50445
51370
51746
43826
18404
23080
22784
25048
26120
27400
27161
25992
25392
25392
24607
22581
22116
20076
19901
18636
18843
19059
19076
18891
19082
16153
19084
19060
19228
18484
20869
21319
21414
22326
23094
24313
20847
20463
19390
23800
24910
24030
24573
23568
24336
23793
25021
24736
25009
21953
19003
19306
19315
19840
19313
23072
27830
32571
33915
33772
35907
37909
38279
40066
39579
38185
51225
49915
68627
94722
95378
133202
136438
139892
142140
144180
131912
130718
