hola
0
1156
4234
6518
9050
10837
12291
14487
16459
18165
19447
19542
19186
18728
17199
16407
16923
22346
27411
27629
38702
40733
47502
48975
50550
52221
58495
53677
49921
52122
45729
46186
40460
39601
39521
40304
34176
38032
38873
38950
37103
39486
40387
40439
40000
38866
39657
34569
37025
36497
35801
31720
30858
31777
32482
33432
33035
33287
29838
29822
35601
37459
37010
41113
42008
40666
39870
39627
39989
39574
34210
32098
33633
31321
30458
31137
31563
31924
33979
39498
38242
38745
46410
42875
43394
44658
79368
80783
79632
79960
79720
80441
73048
75911
75741
75469
42829
42822
42985
37353
38384
38448
39281
37459
37490
38535
37522
40378
37812
38072
39179
38827
42873
43480
43897
41665
40298
38892
38655
38532
44327
45591
37049
38159
48281
49389
52090
50965
56724
58036
54139
52346
53847
74488
63221
69256
67122
69775
67414
65997
64041
66872
65939
43612
42878
36269
45285
40706
37508
37099
36923
38635
42146
41372
44312
44765
38861
39541
40356
41437
41130
36561
33449
38085
39011
39314
35280
36747
46835
45236
47520
48461
53152
50233
52310
52589
54407
56765
46902
56453
52888
54175
50365
48804
45199
45282
47047
47253
47508
39508
42784
43006
42077
65208
64622
63229
61454
57679
57215
62063
59447
57551
58263
44126
57166
68359
68630
158265
158929
153985
153593
153411
188587
179171
172929
163442
163907
77371
78042
79293
80022
83539
49643
51891
46445
45531
43985
41055
38855
45324
46124
65580
65277
77004
77428
76228
83604
83419
83204
73549
74956
53909
62492
49892
46924
48142
40488
41627
50419
51837
49274
48124
37254
36832
42994
49562
53381
52684
51430
50181
53542
57527
59144
58537
52929
60554
58160
57536
51264
56336
52172
50828
49170
65225
66336
81488
80231
79630
78582
75342
76947
72682
73803
58156
56397
27275
47212
49132
60557
58419
62719
63311
65455
64563
71058
73539
53371
51883
41195
41869
38795
38387
39443
40501
46502
55789
57140
56074
54818
56290
56850
58762
63881
140618
128679
120809
185417
193447
196774
194287
191785
191185
182691
106771
106135
111016
47666
41191
45809
56944
59040
57887
58294
56702
66183
58798
60604
61643
61480
51720
54129
57390
57262
64301
55299
51625
47418
55844
51004
68083
65055
61178
61874
54724
60300
78876
79506
69186
69059
59011
62331
64814
65125
68699
64521
46588
56054
60127
58062
56854
54144
53934
52974
53352
52769
52758
42534
38077
77558
160503
168510
168862
207730
219848
224433
224411
226299
227913
189185
108601
117035
115499
75314
59554
57747
57048
55220
57477
71677
62863
44181
43237
42802
42022
37816
38187
37976
34752
19511
18870
17735
17694
18656
19421
19051
20290
20145
22290
22131
21730
22073
21660
20651
20405
20269
19019
20811
17657
19050
19274
18367
18428
19580
19504
19512
19922
18581
19320
17430
16902
18627
21755
22034
23131
24119
24535
23637
23028
23949
29739
32540
30500
34366
38047
42378
43050
45427
50403
51582
48441
44016
51403
47972
44643
41845
41550
40237
36739
51855
50199
51287
44480
47302
47119
47991
47110
