hola
0
2012
3576
5411
7958
9549
10817
12164
13423
15035
16344
15834
15505
15161
14482
14271
14823
15883
17943
18391
18333
18066
18537
18345
17999
17756
19741
19025
17204
16298
16121
16226
15826
19121
21800
24745
23398
24382
24822
25311
26720
28822
32607
30606
37722
36467
37781
38612
39272
40385
47417
50530
47401
48698
40799
40496
39535
38717
37981
38550
31485
28022
29306
28753
27569
27767
26847
26517
27025
26944
27305
27713
27319
27095
28335
28689
29888
30144
29752
31182
31741
31347
30962
30306
29804
28658
27540
30216
30583
30784
30297
34498
37225
37174
37021
36909
37141
36692
41853
39876
45947
40706
37866
37066
40228
43699
47477
44832
40161
39089
33953
35393
36745
38374
40909
39664
36059
37092
35979
37533
35525
39486
40134
39328
33475
34146
35293
40937
40880
39342
40719
35855
33435
34003
36038
36315
36499
30014
29946
33573
33955
35274
35623
39036
37028
36333
34959
35725
35906
32455
30487
33736
34656
32208
31281
29666
31610
31010
37998
39134
41427
36571
65555
68578
69291
68495
66127
73727
69284
73028
71461
71617
42560
38265
39215
42998
46558
38069
36635
32277
34417
36560
37485
40968
39600
36591
34315
39380
38245
38164
36270
33338
33358
33411
33140
33994
34458
32082
33297
33108
32096
32407
33950
29909
35132
33286
31374
36806
35623
36571
41716
43173
40693
40775
36999
38448
40769
35282
36874
45243
42053
41062
44039
50526
49814
51523
50802
50825
51304
42295
41708
43189
49356
45365
45623
44064
43984
45080
43848
44546
47957
46949
59700
57543
59353
59626
58684
61854
62471
64143
69687
72654
51402
51671
50069
51260
51893
47205
48831
49152
41679
38544
36727
42511
43536
51257
55152
53360
50464
48047
46272
49000
50792
45353
45230
36326
33317
34676
34844
34523
34715
34124
32548
32691
31845
31264
30816
29049
29483
32154
32634
36881
39346
51324
51427
52552
51232
52266
55616
57850
57633
50649
49265
41224
54689
53368
55513
54727
50807
45638
52217
59074
57769
54833
42256
41616
43863
48735
51967
53479
47708
42011
43595
41739
49773
52910
48640
51344
58031
56640
54394
53641
52257
52545
45864
42569
43024
36671
30979
32563
34258
34843
36411
42226
39370
40617
42465
42689
38755
37899
37851
37098
36737
30954
32529
33233
34728
34202
39332
39132
38636
40542
39590
38879
38665
38081
35577
35337
30994
31465
30114
27466
30051
29707
28434
29305
27155
31333
41189
39733
41523
45266
42073
68512
101415
98976
102369
97033
89232
92897
91858
93555
94155
69666
36338
37250
36919
39644
59956
60628
65075
60810
60355
58627
61908
62155
64500
74988
51493
47181
58975
57777
57289
56776
52928
51041
45856
32576
32375
31895
15781
15483
17297
17909
17589
18229
17925
18229
17894
17975
19095
19072
19235
18577
18752
18534
18518
18483
18322
18058
15748
15509
13523
13523
13435
13438
13526
13178
13322
13004
12786
13499
13051
13987
13811
13988
14165
14335
13873
14830
15198
14716
15165
13788
13333
12899
14011
13584
13798
12806
12888
12894
12655
12746
13161
13214
11742
12117
12488
12905
13198
13711
13902
14380
14708
14751
15520
16776
16447
16296
15972
15776
16152
17154
17381
18108
17610
16122
16433
16516
16579
16375
16063
15309
15186
16211
16398
16616
16473
16916
16930
17554
17601
17892
17757
15644
15459
15289
14953
14535
14279
13216
13993
13301
13438
15511
17166
17376
18048
18537
18657
18888
17838
17753
18280
16867
17012
17559
17309
17510
17902
17917
19703
32533
34517
38692
38260
58442
60036
66884
72327
73487
73282
62892
61691
