hola
0
5098
7460
12062
14928
17331
36091
39623
43580
49681
51395
49054
53784
55976
56031
59190
51712
53801
55973
63434
67433
71966
69286
63992
64864
68760
59410
56439
51911
43279
47208
47976
46221
57299
58517
55550
55363
56525
60431
61296
57759
55086
55007
56711
59126
61135
64400
66509
77100
74339
70908
73534
73253
68016
65289
75816
73376
69058
54666
60079
59378
53089
53426
48430
49053
33300
36229
41723
44707
37942
43738
44937
44117
42797
42921
47209
46584
44985
43153
45114
44522
54219
107215
107792
105484
122595
121756
119156
126804
128443
135252
125876
73596
74724
75116
55813
56324
56395
49196
49564
46292
48412
49388
47836
54292
51939
50115
51851
51918
68262
59934
62694
67256
67800
59527
61921
69917
69038
67394
47659
48618
42053
46683
45083
45468
42899
35511
34951
41327
48341
49574
50651
40771
41275
49554
48210
78083
82561
76953
80530
78050
92322
91002
91434
83771
85875
55818
52091
51395
50043
54485
40573
40493
42102
53310
52126
50862
54487
54398
52810
66488
70848
75360
74903
69566
70768
72312
66755
68508
61416
45304
54707
51260
50028
43949
46451
46258
45943
46359
48095
46975
33612
38139
37139
39331
39355
46764
49740
49620
48932
53933
59293
66901
73901
72109
90277
81597
80229
88940
89845
84940
97653
85613
80269
81628
62172
61861
61102
63575
61646
77485
61932
63132
63972
63965
68349
70164
70731
58299
58875
46364
48684
49972
52661
54949
48541
52037
52126
51870
53367
52174
47134
47653
44532
45196
44971
44139
55290
55323
54185
51330
54318
50959
59566
62742
63695
65193
55202
56875
64406
64679
61932
62006
52056
45298
45004
40338
53842
52427
43628
46572
62494
61878
70839
69863
69087
68513
55489
58104
58782
55750
42229
43173
39965
39725
39341
38676
50013
49508
48108
47660
52484
54924
48124
60988
61548
63913
50009
48154
49161
48161
43809
48337
52074
42078
53349
51978
54080
90481
90187
96253
93924
114011
160853
157641
149914
148473
147739
113907
118819
120891
167804
173839
149748
199676
213684
216228
235411
235322
231523
225274
193297
163023
150684
100139
82836
82019
61700
61372
68315
67676
51165
48068
34415
34201
34224
33177
34114
32841
24273
24840
24546
23132
22614
23373
22740
22789
21148
20429
20452
20398
21253
22291
23601
22977
21890
21186
21107
20382
20583
20132
19395
28928
27495
28407
28574
31333
31710
33817
34609
37288
39035
28959
37576
37353
40836
44859
46802
48986
48201
46280
66734
68296
97520
116696
115877
109575
110134
113190
113192
113821
102200
101358
64815
46303
57272
57072
55186
